; FBX 7.7.0 project file
; ----------------------------------------------------

FBXHeaderExtension:  {
	FBXHeaderVersion: 1004
	FBXVersion: 7700
	CreationTimeStamp:  {
		Version: 1000
		Year: 2022
		Month: 10
		Day: 16
		Hour: 17
		Minute: 11
		Second: 28
		Millisecond: 38
	}
	Creator: "FBX SDK/FBX Plugins version 2020.3.1"
	OtherFlags:  {
		TCDefinition: 127
	}
	SceneInfo: "SceneInfo::GlobalInfo", "UserData" {
		Type: "UserData"
		Version: 100
		MetaData:  {
			Version: 100
			Title: ""
			Subject: ""
			Author: ""
			Keywords: ""
			Revision: ""
			Comment: ""
		}
		Properties70:  {
			P: "DocumentUrl", "KString", "Url", "", "C:\Users\coke_\Downloads\StasisCube.fbx"
			P: "SrcDocumentUrl", "KString", "Url", "", "C:\Users\coke_\Downloads\StasisCube.fbx"
			P: "Original", "Compound", "", ""
			P: "Original|ApplicationVendor", "KString", "", "", "Autodesk"
			P: "Original|ApplicationName", "KString", "", "", "Maya"
			P: "Original|ApplicationVersion", "KString", "", "", "2023"
			P: "Original|DateTime_GMT", "DateTime", "", "", "16/10/2022 06:11:28.035"
			P: "Original|FileName", "KString", "", "", "C:\Users\coke_\Downloads\StasisCube.fbx"
			P: "LastSaved", "Compound", "", ""
			P: "LastSaved|ApplicationVendor", "KString", "", "", "Autodesk"
			P: "LastSaved|ApplicationName", "KString", "", "", "Maya"
			P: "LastSaved|ApplicationVersion", "KString", "", "", "2023"
			P: "LastSaved|DateTime_GMT", "DateTime", "", "", "16/10/2022 06:11:28.035"
			P: "Original|ApplicationActiveProject", "KString", "", "", "C:\Users\coke_\Downloads"
			P: "Original|ApplicationNativeFile", "KString", "", "", "D:\My Doc's\Tafe\Diploma (Gaming Development)\Assignments\GameDevelopment-GroupMechanicsAssignment\GameDevScene-MiltonNatashaCorey.ma"
		}
	}
}
GlobalSettings:  {
	Version: 1000
	Properties70:  {
		P: "UpAxis", "int", "Integer", "",1
		P: "UpAxisSign", "int", "Integer", "",1
		P: "FrontAxis", "int", "Integer", "",2
		P: "FrontAxisSign", "int", "Integer", "",1
		P: "CoordAxis", "int", "Integer", "",0
		P: "CoordAxisSign", "int", "Integer", "",1
		P: "OriginalUpAxis", "int", "Integer", "",1
		P: "OriginalUpAxisSign", "int", "Integer", "",1
		P: "UnitScaleFactor", "double", "Number", "",1
		P: "OriginalUnitScaleFactor", "double", "Number", "",1
		P: "AmbientColor", "ColorRGB", "Color", "",0,0,0
		P: "DefaultCamera", "KString", "", "", "Producer Perspective"
		P: "TimeMode", "enum", "", "",6
		P: "TimeProtocol", "enum", "", "",2
		P: "SnapOnFrameMode", "enum", "", "",0
		P: "TimeSpanStart", "KTime", "Time", "",0
		P: "TimeSpanStop", "KTime", "Time", "",46186158000
		P: "CustomFrameRate", "double", "Number", "",-1
		P: "TimeMarker", "Compound", "", ""
		P: "CurrentTimeMarker", "int", "Integer", "",-1
	}
}

; Documents Description
;------------------------------------------------------------------

Documents:  {
	Count: 1
	Document: 2259754207856, "", "Scene" {
		Properties70:  {
			P: "SourceObject", "object", "", ""
			P: "ActiveAnimStackName", "KString", "", "", "Take 001"
		}
		RootNode: 0
	}
}

; Document References
;------------------------------------------------------------------

References:  {
}

; Object definitions
;------------------------------------------------------------------

Definitions:  {
	Version: 100
	Count: 103
	ObjectType: "GlobalSettings" {
		Count: 1
	}
	ObjectType: "AnimationStack" {
		Count: 1
		PropertyTemplate: "FbxAnimStack" {
			Properties70:  {
				P: "Description", "KString", "", "", ""
				P: "LocalStart", "KTime", "Time", "",0
				P: "LocalStop", "KTime", "Time", "",0
				P: "ReferenceStart", "KTime", "Time", "",0
				P: "ReferenceStop", "KTime", "Time", "",0
			}
		}
	}
	ObjectType: "AnimationLayer" {
		Count: 1
		PropertyTemplate: "FbxAnimLayer" {
			Properties70:  {
				P: "Weight", "Number", "", "A",100
				P: "Mute", "bool", "", "",0
				P: "Solo", "bool", "", "",0
				P: "Lock", "bool", "", "",0
				P: "Color", "ColorRGB", "Color", "",0.8,0.8,0.8
				P: "BlendMode", "enum", "", "",0
				P: "RotationAccumulationMode", "enum", "", "",0
				P: "ScaleAccumulationMode", "enum", "", "",0
				P: "BlendModeBypass", "ULongLong", "", "",0
			}
		}
	}
	ObjectType: "Geometry" {
		Count: 3
		PropertyTemplate: "FbxMesh" {
			Properties70:  {
				P: "Color", "ColorRGB", "Color", "",0.8,0.8,0.8
				P: "BBoxMin", "Vector3D", "Vector", "",0,0,0
				P: "BBoxMax", "Vector3D", "Vector", "",0,0,0
				P: "Primary Visibility", "bool", "", "",1
				P: "Casts Shadows", "bool", "", "",1
				P: "Receive Shadows", "bool", "", "",1
			}
		}
	}
	ObjectType: "Material" {
		Count: 2
		PropertyTemplate: "FbxSurfaceLambert" {
			Properties70:  {
				P: "ShadingModel", "KString", "", "", "Lambert"
				P: "MultiLayer", "bool", "", "",0
				P: "EmissiveColor", "Color", "", "A",0,0,0
				P: "EmissiveFactor", "Number", "", "A",1
				P: "AmbientColor", "Color", "", "A",0.2,0.2,0.2
				P: "AmbientFactor", "Number", "", "A",1
				P: "DiffuseColor", "Color", "", "A",0.8,0.8,0.8
				P: "DiffuseFactor", "Number", "", "A",1
				P: "Bump", "Vector3D", "Vector", "",0,0,0
				P: "NormalMap", "Vector3D", "Vector", "",0,0,0
				P: "BumpFactor", "double", "Number", "",1
				P: "TransparentColor", "Color", "", "A",0,0,0
				P: "TransparencyFactor", "Number", "", "A",0
				P: "DisplacementColor", "ColorRGB", "Color", "",0,0,0
				P: "DisplacementFactor", "double", "Number", "",1
				P: "VectorDisplacementColor", "ColorRGB", "Color", "",0,0,0
				P: "VectorDisplacementFactor", "double", "Number", "",1
			}
		}
	}
	ObjectType: "Model" {
		Count: 8
		PropertyTemplate: "FbxNode" {
			Properties70:  {
				P: "QuaternionInterpolate", "enum", "", "",0
				P: "RotationOffset", "Vector3D", "Vector", "",0,0,0
				P: "RotationPivot", "Vector3D", "Vector", "",0,0,0
				P: "ScalingOffset", "Vector3D", "Vector", "",0,0,0
				P: "ScalingPivot", "Vector3D", "Vector", "",0,0,0
				P: "TranslationActive", "bool", "", "",0
				P: "TranslationMin", "Vector3D", "Vector", "",0,0,0
				P: "TranslationMax", "Vector3D", "Vector", "",0,0,0
				P: "TranslationMinX", "bool", "", "",0
				P: "TranslationMinY", "bool", "", "",0
				P: "TranslationMinZ", "bool", "", "",0
				P: "TranslationMaxX", "bool", "", "",0
				P: "TranslationMaxY", "bool", "", "",0
				P: "TranslationMaxZ", "bool", "", "",0
				P: "RotationOrder", "enum", "", "",0
				P: "RotationSpaceForLimitOnly", "bool", "", "",0
				P: "RotationStiffnessX", "double", "Number", "",0
				P: "RotationStiffnessY", "double", "Number", "",0
				P: "RotationStiffnessZ", "double", "Number", "",0
				P: "AxisLen", "double", "Number", "",10
				P: "PreRotation", "Vector3D", "Vector", "",0,0,0
				P: "PostRotation", "Vector3D", "Vector", "",0,0,0
				P: "RotationActive", "bool", "", "",0
				P: "RotationMin", "Vector3D", "Vector", "",0,0,0
				P: "RotationMax", "Vector3D", "Vector", "",0,0,0
				P: "RotationMinX", "bool", "", "",0
				P: "RotationMinY", "bool", "", "",0
				P: "RotationMinZ", "bool", "", "",0
				P: "RotationMaxX", "bool", "", "",0
				P: "RotationMaxY", "bool", "", "",0
				P: "RotationMaxZ", "bool", "", "",0
				P: "InheritType", "enum", "", "",0
				P: "ScalingActive", "bool", "", "",0
				P: "ScalingMin", "Vector3D", "Vector", "",0,0,0
				P: "ScalingMax", "Vector3D", "Vector", "",1,1,1
				P: "ScalingMinX", "bool", "", "",0
				P: "ScalingMinY", "bool", "", "",0
				P: "ScalingMinZ", "bool", "", "",0
				P: "ScalingMaxX", "bool", "", "",0
				P: "ScalingMaxY", "bool", "", "",0
				P: "ScalingMaxZ", "bool", "", "",0
				P: "GeometricTranslation", "Vector3D", "Vector", "",0,0,0
				P: "GeometricRotation", "Vector3D", "Vector", "",0,0,0
				P: "GeometricScaling", "Vector3D", "Vector", "",1,1,1
				P: "MinDampRangeX", "double", "Number", "",0
				P: "MinDampRangeY", "double", "Number", "",0
				P: "MinDampRangeZ", "double", "Number", "",0
				P: "MaxDampRangeX", "double", "Number", "",0
				P: "MaxDampRangeY", "double", "Number", "",0
				P: "MaxDampRangeZ", "double", "Number", "",0
				P: "MinDampStrengthX", "double", "Number", "",0
				P: "MinDampStrengthY", "double", "Number", "",0
				P: "MinDampStrengthZ", "double", "Number", "",0
				P: "MaxDampStrengthX", "double", "Number", "",0
				P: "MaxDampStrengthY", "double", "Number", "",0
				P: "MaxDampStrengthZ", "double", "Number", "",0
				P: "PreferedAngleX", "double", "Number", "",0
				P: "PreferedAngleY", "double", "Number", "",0
				P: "PreferedAngleZ", "double", "Number", "",0
				P: "LookAtProperty", "object", "", ""
				P: "UpVectorProperty", "object", "", ""
				P: "Show", "bool", "", "",1
				P: "NegativePercentShapeSupport", "bool", "", "",1
				P: "DefaultAttributeIndex", "int", "Integer", "",-1
				P: "Freeze", "bool", "", "",0
				P: "LODBox", "bool", "", "",0
				P: "Lcl Translation", "Lcl Translation", "", "A",0,0,0
				P: "Lcl Rotation", "Lcl Rotation", "", "A",0,0,0
				P: "Lcl Scaling", "Lcl Scaling", "", "A",1,1,1
				P: "Visibility", "Visibility", "", "A",1
				P: "Visibility Inheritance", "Visibility Inheritance", "", "",1
			}
		}
	}
	ObjectType: "NodeAttribute" {
		Count: 5
		PropertyTemplate: "FbxSkeleton" {
			Properties70:  {
				P: "Color", "ColorRGB", "Color", "",0.8,0.8,0.8
				P: "Size", "double", "Number", "",100
				P: "LimbLength", "double", "Number", "H",1
			}
		}
	}
	ObjectType: "AnimationCurveNode" {
		Count: 21
		PropertyTemplate: "FbxAnimCurveNode" {
			Properties70:  {
				P: "d", "Compound", "", ""
			}
		}
	}
	ObjectType: "AnimationCurve" {
		Count: 40
	}
	ObjectType: "Pose" {
		Count: 3
	}
	ObjectType: "Deformer" {
		Count: 18
	}
}

; Object properties
;------------------------------------------------------------------

Objects:  {
	Geometry: 2260096380448, "Geometry::", "Mesh" {
		Vertices: *48 {
			a: -50,-50,50,50,-50,50,-50,-50,-50,50,-50,-50,-50,-25.9999980926514,50,-50,-25.9999980926514,-50,50,-25.9999980926514,-50,50,-25.9999980926514,50,-41.4011459350586,-20,41.4011459350586,-41.4011459350586,-20,-41.4011459350586,41.4011459350586,-20,-41.4011383056641,41.4011459350586,-20,41.4011383056641,-43.9196929931641,-25.9999980926514,43.9196853637695,-43.9196929931641,-25.9999980926514,-43.9196853637695,43.9196929931641,-25.9999980926514,-43.9196929931641,43.9196929931641,-25.9999980926514,43.9196929931641
		} 
		PolygonVertexIndex: *56 {
			a: 1,3,6,-8,2,0,4,-6,7,4,0,-2,2,5,6,-4,0,2,3,-2,13,12,8,-10,14,13,9,-11,15,14,10,-12,8,12,15,-12,5,4,12,-14,6,5,13,-15,7,6,14,-16,4,7,15,-13,9,8,11,-11
		} 
		Edges: *28 {
			a: 5,3,4,0,10,15,7,1,6,13,2,8,35,26,37,39,20,21,23,43,24,27,47,28,31,33,30,22
		} 
		GeometryVersion: 124
		LayerElementNormal: 0 {
			Version: 102
			Name: ""
			MappingInformationType: "ByPolygonVertex"
			ReferenceInformationType: "Direct"
			Normals: *168 {
				a: 1,0,0,1,0,0,1,0,0,1,0,0,-1,0,0,-1,0,0,-1,0,0,-1,0,0,0,0,1,0,0,1,0,0,1,0,0,1,0,0,-1,0,0,-1,0,0,-1,0,0,-1,0,-1,0,0,-1,0,0,-1,0,0,-1,0,-0.922061860561371,0.387042611837387,0,-0.922061860561371,0.387042611837387,0,-0.922061860561371,0.387042671442032,0,-0.922061860561371,0.387042671442032,0,0,0.387042731046677,-0.922061741352081,0,0.387042731046677,-0.922061860561371,0,0.387042731046677,-0.922061800956726,0,0.387042731046677,-0.922061800956726,0.922061741352081,0.387042820453644,0,0.922061741352081,0.387042820453644,0,0.922061800956726,0.387042820453644,0,0.922061800956726,0.387042820453644,0,0,0.387042671442032,0.922061800956726,0,0.387042641639709,0.922061800956726,0,0.387042671442032,0.922061800956726,0,0.387042671442032,0.922061741352081,0,0.999999940395355,6.6800268427869e-08,0,0.999999940395355,-6.6800268427869e-08,0,1,-6.68002044790228e-08,0,1,6.68002044790228e-08,0,1,6.68002044790228e-08,0,0.999999940395355,6.6800268427869e-08,0,1,6.68002044790228e-08,0,1,6.68002044790228e-08,0,1,-6.68002044790228e-08,0,1,6.68002044790228e-08,0,1,6.68002044790228e-08,0,1,-6.68002044790228e-08,0,0.999999940395355,-6.6800268427869e-08,0,1,-6.68002044790228e-08,0,1,-6.68002044790228e-08,0,1,-6.68002044790228e-08,0,1,0,0,1,0,0,0.999999940395355,0,0,0.999999940395355,0
			} 
			NormalsW: *56 {
				a: 1,1,1,1,1,1,1,1,1,1,1,1,1,1,1,1,1,1,1,1,1,1,1,1,1,1,1,1,1,1,1,1,1,1,1,1,1,1,1,1,1,1,1,1,1,1,1,1,1,1,1,1,1,1,1,1
			} 
		}
		LayerElementUV: 0 {
			Version: 101
			Name: "map1"
			MappingInformationType: "ByPolygonVertex"
			ReferenceInformationType: "IndexToDirect"
			UV: *60 {
				a: 0.442153811454773,0.475670129060745,0.477141320705414,0.159104481339455,0.553117096424103,0.167501479387283,0.518129587173462,0.484067112207413,0.160575672984123,0.124116964638233,0.125588163733482,0.440682619810104,0.0496124029159546,0.432285606861115,0.0845999196171761,0.115719966590405,0.0632244050502777,0.132840797305107,0.0324915908277035,0.410910069942474,0.0127733508124948,0.400660544633865,0.0417438149452209,0.13853694498539,0.539505064487457,0.466946303844452,0.570237874984741,0.188877001404762,0.589956104755402,0.199126571416855,0.560985684394836,0.461250126361847,0.117191158235073,0.516658365726471,0.134311974048615,0.538033902645111,0.485538303852081,0.0831287205219269,0.46841749548912,0.0617532096803188,0.111037708818913,0.821638107299805,0.140008136630058,0.559514462947845,0.402131736278534,0.588484942913055,0.373161315917969,0.850608468055725,0.433756798505783,0.551645874977112,0.168972685933113,0.0481412075459957,0.190348193049431,0.0310203693807125,0.200597733259201,0.0113021424040198,0.462721347808838,0.0402726083993912,0.412381291389465,0.568766713142395
			} 
			UVIndex: *56 {
				a: 0,1,2,3,4,5,6,7,24,16,5,0,4,25,18,1,5,4,1,0,8,9,10,11,19,26,27,28,12,13,14,15,21,17,29,22,7,6,9,8,18,25,26,19,3,2,13,12,16,24,29,17,20,21,22,23
			} 
		}
		LayerElementMaterial: 0 {
			Version: 101
			Name: ""
			MappingInformationType: "AllSame"
			ReferenceInformationType: "IndexToDirect"
			Materials: *1 {
				a: 0
			} 
		}
		Layer: 0 {
			Version: 100
			LayerElement:  {
				Type: "LayerElementNormal"
				TypedIndex: 0
			}
			LayerElement:  {
				Type: "LayerElementMaterial"
				TypedIndex: 0
			}
			LayerElement:  {
				Type: "LayerElementUV"
				TypedIndex: 0
			}
		}
	}
	Geometry: 2260096381792, "Geometry::", "Mesh" {
		Vertices: *33 {
			a: -43.9196929931641,50,43.9197006225586,-43.9196929931641,50,-43.9196929931641,-41.4011459350586,-20,-41.4011459350586,-41.4011459350586,-20,41.4011535644531,-2.56486213933988e-15,-20,41.3730010986328,4.69260170306263e-16,50,43.7255172729492,-2.86102294921875e-06,50,-43.7255172729492,1.07563223193836e-14,-20,-41.4267158508301,-43.9196929931641,50,-43.9196929931641,-2.86102294921875e-06,50,-43.7255172729492,-41.4011459350586,-20,-41.4011459350586
		} 
		PolygonVertexIndex: *16 {
			a: 2,3,0,-2,0,5,6,-2,3,4,5,-1,8,9,7,-11
		} 
		Edges: *13 {
			a: 0,8,9,3,2,1,6,4,5,13,14,12,15
		} 
		GeometryVersion: 124
		LayerElementNormal: 0 {
			Version: 102
			Name: ""
			MappingInformationType: "ByPolygonVertex"
			ReferenceInformationType: "Direct"
			Normals: *48 {
				a: -0.999353349208832,-0.0359559506177902,0,-0.999353349208832,-0.0359559506177902,0,-0.999353289604187,-0.0359559506177902,0,-0.999353289604187,-0.0359559506177902,0,0.00160359311848879,0.7882319688797,0.615376174449921,0.00162170210387558,0.782756924629211,0.622325539588928,0,0.999999940395355,0,0,1,0,0.00260429363697767,-0.0347253531217575,0.999393403530121,0.00260429386980832,-0.0347253605723381,0.99939352273941,0.00162170210387558,0.782756924629211,0.622325539588928,0.00160359311848879,0.7882319688797,0.615376174449921,0.00197485997341573,-0.0343537256121635,-0.999407708644867,0.00197486020624638,-0.0343537293374538,-0.999407827854156,0.00197485997341573,-0.0343537293374538,-0.999407708644867,0.00197486020624638,-0.0343537367880344,-0.999407887458801
			} 
			NormalsW: *16 {
				a: 1,1,1,1,1,1,1,1,1,1,1,1,1,1,1,1
			} 
		}
		LayerElementUV: 0 {
			Version: 101
			Name: "map1"
			MappingInformationType: "ByPolygonVertex"
			ReferenceInformationType: "IndexToDirect"
			UV: *24 {
				a: 0.549634158611298,0.643860697746277,0.798285484313965,0.583757996559143,0.856691420078278,0.792272567749023,0.592914044857025,0.856031358242035,0.985944747924805,0.750982403755188,0.625376522541046,0.987779378890991,0.920130729675293,0.544851779937744,0.423471570014954,0.664907217025757,0.887987792491913,0.924302279949188,0.592914044857025,0.856031358242035,0.459071338176727,0.878335237503052,0.549634158611298,0.643860697746277
			} 
			UVIndex: *16 {
				a: 0,1,2,3,2,8,5,3,1,6,4,2,9,10,7,11
			} 
		}
		LayerElementMaterial: 0 {
			Version: 101
			Name: ""
			MappingInformationType: "AllSame"
			ReferenceInformationType: "IndexToDirect"
			Materials: *1 {
				a: 0
			} 
		}
		Layer: 0 {
			Version: 100
			LayerElement:  {
				Type: "LayerElementNormal"
				TypedIndex: 0
			}
			LayerElement:  {
				Type: "LayerElementMaterial"
				TypedIndex: 0
			}
			LayerElement:  {
				Type: "LayerElementUV"
				TypedIndex: 0
			}
		}
	}
	Geometry: 2260096382240, "Geometry::", "Mesh" {
		Vertices: *33 {
			a: 43.9196929931641,50,-43.9196929931641,43.9196929931641,50,43.9196929931641,-4.73580948897679e-15,50,43.7255096435547,41.4011459350586,-20,41.4011383056641,41.4011459350586,-20,-41.4011383056641,-2.32824496783205e-15,-20,41.3729934692383,1.53042759942854e-16,50,-43.725513458252,1.28332242361616e-14,-20,-41.4267158508301,6.06880641389456e-15,50,-43.725513458252,43.9196929931641,50,-43.9196929931641,41.4011459350586,-20,-41.4011383056641
		} 
		PolygonVertexIndex: *16 {
			a: 3,4,0,-2,2,5,3,-2,6,2,1,-1,7,8,9,-11
		} 
		Edges: *13 {
			a: 2,4,7,8,0,5,11,3,1,12,15,13,14
		} 
		GeometryVersion: 124
		LayerElementNormal: 0 {
			Version: 102
			Name: ""
			MappingInformationType: "ByPolygonVertex"
			ReferenceInformationType: "Direct"
			Normals: *48 {
				a: 0.999353408813477,-0.0359559878706932,0,0.999353408813477,-0.0359559878706932,0,0.999353349208832,-0.0359559841454029,0,0.999353349208832,-0.0359559841454029,0,-0.00260421191342175,-0.034725409001112,0.999393463134766,-0.00260421214625239,-0.034725409001112,0.999393463134766,-0.00260421191342175,-0.034725409001112,0.99939352273941,-0.00260421214625239,-0.0347254127264023,0.999393463134766,0,1,0,0,1,0,0,1,0,0,1,0,-0.00197485974058509,-0.0343537479639053,-0.999407708644867,-0.00197485997341573,-0.0343537516891956,-0.999407768249512,-0.00197485997341573,-0.0343537516891956,-0.999407708644867,-0.00197485974058509,-0.0343537479639053,-0.999407768249512
			} 
			NormalsW: *16 {
				a: 1,1,1,1,1,1,1,1,1,1,1,1,1,1,1,1
			} 
		}
		LayerElementUV: 0 {
			Version: 101
			Name: "map1"
			MappingInformationType: "ByPolygonVertex"
			ReferenceInformationType: "IndexToDirect"
			UV: *24 {
				a: 0.619731783866882,0.397105991840363,0.632816195487976,0.14597225189209,0.845656931400299,0.149402260780334,0.831776440143585,0.415813267230988,0.965012729167938,0.422164618968964,0.604184627532959,0.521878361701965,0.630325436592102,0.0202597379684448,0.978831768035889,0.156931519508362,0.815266251564026,0.548175036907196,0.842991352081299,0.0160413980484009,0.845656931400299,0.149402260780334,0.632816195487976,0.14597225189209
			} 
			UVIndex: *16 {
				a: 0,1,2,3,8,5,0,3,7,4,3,2,6,9,10,11
			} 
		}
		LayerElementMaterial: 0 {
			Version: 101
			Name: ""
			MappingInformationType: "AllSame"
			ReferenceInformationType: "IndexToDirect"
			Materials: *1 {
				a: 0
			} 
		}
		Layer: 0 {
			Version: 100
			LayerElement:  {
				Type: "LayerElementNormal"
				TypedIndex: 0
			}
			LayerElement:  {
				Type: "LayerElementMaterial"
				TypedIndex: 0
			}
			LayerElement:  {
				Type: "LayerElementUV"
				TypedIndex: 0
			}
		}
	}
	NodeAttribute: 2260004921664, "NodeAttribute::", "LimbNode" {
		Properties70:  {
			P: "Size", "double", "Number", "",66.6666666666667
		}
		TypeFlags: "Skeleton"
	}
	NodeAttribute: 2260004924544, "NodeAttribute::", "LimbNode" {
		Properties70:  {
			P: "Size", "double", "Number", "",66.6666666666667
		}
		TypeFlags: "Skeleton"
	}
	NodeAttribute: 2260004928384, "NodeAttribute::", "LimbNode" {
		Properties70:  {
			P: "Size", "double", "Number", "",66.6666666666667
		}
		TypeFlags: "Skeleton"
	}
	NodeAttribute: 2260004925120, "NodeAttribute::", "LimbNode" {
		Properties70:  {
			P: "Size", "double", "Number", "",66.6666666666667
		}
		TypeFlags: "Skeleton"
	}
	NodeAttribute: 2260004925312, "NodeAttribute::", "LimbNode" {
		Properties70:  {
			P: "Size", "double", "Number", "",66.6666666666667
		}
		TypeFlags: "Skeleton"
	}
	Model: 2259961002384, "Model::StasisCube", "Mesh" {
		Version: 232
		Properties70:  {
			P: "RotationActive", "bool", "", "",1
			P: "InheritType", "enum", "", "",1
			P: "ScalingMax", "Vector3D", "Vector", "",0,0,0
			P: "DefaultAttributeIndex", "int", "Integer", "",0
			P: "Lcl Translation", "Lcl Translation", "", "AL7",0,0,0
			P: "Lcl Rotation", "Lcl Rotation", "", "AL7",0,0,0
			P: "Lcl Scaling", "Lcl Scaling", "", "AL7",1,1,1
			P: "currentUVSet", "KString", "", "U", "map1"
		}
		Shading: T
		Culling: "CullingOff"
	}
	Model: 2259961020944, "Model::Lid01", "Mesh" {
		Version: 232
		Properties70:  {
			P: "RotationPivot", "Vector3D", "Vector", "",-21.959846496582,15,3.814697265625e-06
			P: "ScalingPivot", "Vector3D", "Vector", "",-21.959846496582,15,3.814697265625e-06
			P: "RotationActive", "bool", "", "",1
			P: "InheritType", "enum", "", "",1
			P: "ScalingMax", "Vector3D", "Vector", "",0,0,0
			P: "DefaultAttributeIndex", "int", "Integer", "",0
			P: "Lcl Translation", "Lcl Translation", "", "AL7",0,0,0
			P: "Lcl Rotation", "Lcl Rotation", "", "AL7",0,0,0
			P: "Lcl Scaling", "Lcl Scaling", "", "AL7",1,1,1
			P: "currentUVSet", "KString", "", "U", "map1"
		}
		Shading: T
		Culling: "CullingOff"
	}
	Model: 2259961000064, "Model::Lid02", "Mesh" {
		Version: 232
		Properties70:  {
			P: "RotationPivot", "Vector3D", "Vector", "",21.959846496582,15,0
			P: "ScalingPivot", "Vector3D", "Vector", "",21.959846496582,15,0
			P: "RotationActive", "bool", "", "",1
			P: "InheritType", "enum", "", "",1
			P: "ScalingMax", "Vector3D", "Vector", "",0,0,0
			P: "DefaultAttributeIndex", "int", "Integer", "",0
			P: "Lcl Translation", "Lcl Translation", "", "AL7",0,0,0
			P: "Lcl Rotation", "Lcl Rotation", "", "AL7",0,0,0
			P: "Lcl Scaling", "Lcl Scaling", "", "AL7",1,1,1
			P: "currentUVSet", "KString", "", "U", "map1"
		}
		Shading: T
		Culling: "CullingOff"
	}
	Model: 2259961009344, "Model::joint9", "LimbNode" {
		Version: 232
		Properties70:  {
			P: "PreRotation", "Vector3D", "Vector", "",180,1.05933751153204e-30,156.170550522035
			P: "RotationActive", "bool", "", "",1
			P: "InheritType", "enum", "", "",1
			P: "ScalingMax", "Vector3D", "Vector", "",0,0,0
			P: "DefaultAttributeIndex", "int", "Integer", "",0
			P: "Lcl Translation", "Lcl Translation", "", "A",0,-38.6803367305265,0
			P: "lockInfluenceWeights", "Bool", "", "A+U",0
		}
		Shading: Y
		Culling: "CullingOff"
	}
	Model: 2259961011664, "Model::joint10", "LimbNode" {
		Version: 232
		Properties70:  {
			P: "PreRotation", "Vector3D", "Vector", "",-4.14666352015958e-15,-6.40289361227999e-15,65.8560740224874
			P: "RotationActive", "bool", "", "",1
			P: "InheritType", "enum", "", "",2
			P: "ScalingMax", "Vector3D", "Vector", "",0,0,0
			P: "DefaultAttributeIndex", "int", "Integer", "",0
			P: "Lcl Translation", "Lcl Translation", "", "A+",26.4830392082522,8.72452496380403,41.413932800293
			P: "lockInfluenceWeights", "Bool", "", "A+U",0
		}
		Shading: Y
		Culling: "CullingOff"
	}
	Model: 2259961013984, "Model::joint12", "LimbNode" {
		Version: 232
		Properties70:  {
			P: "PreRotation", "Vector3D", "Vector", "",180,0,90.3144764995477
			P: "RotationActive", "bool", "", "",1
			P: "InheritType", "enum", "", "",2
			P: "ScalingMax", "Vector3D", "Vector", "",0,0,0
			P: "DefaultAttributeIndex", "int", "Integer", "",0
			P: "Lcl Translation", "Lcl Translation", "", "A+",35.1200030762534,-21.7674139216078,1.24648666381835
			P: "lockInfluenceWeights", "Bool", "", "A+U",0
		}
		Shading: Y
		Culling: "CullingOff"
	}
	Model: 2259960993104, "Model::joint11", "LimbNode" {
		Version: 232
		Properties70:  {
			P: "PreRotation", "Vector3D", "Vector", "",180,-6.48508491224877e-15,67.5532079492169
			P: "RotationActive", "bool", "", "",1
			P: "InheritType", "enum", "", "",2
			P: "ScalingMax", "Vector3D", "Vector", "",0,0,0
			P: "DefaultAttributeIndex", "int", "Integer", "",0
			P: "Lcl Translation", "Lcl Translation", "", "A+",-11.3887471627209,25.4512306109838,41.4139251708984
			P: "lockInfluenceWeights", "Bool", "", "A+U",0
		}
		Shading: Y
		Culling: "CullingOff"
	}
	Model: 2259961004704, "Model::joint15", "LimbNode" {
		Version: 232
		Properties70:  {
			P: "PreRotation", "Vector3D", "Vector", "",-180,0,67.5532079492169
			P: "RotationActive", "bool", "", "",1
			P: "InheritType", "enum", "", "",2
			P: "ScalingMax", "Vector3D", "Vector", "",0,0,0
			P: "DefaultAttributeIndex", "int", "Integer", "",0
			P: "Lcl Translation", "Lcl Translation", "", "A+",35.5196922522223,-21.1089172440955,-1.24649047851562
			P: "lockInfluenceWeights", "Bool", "", "A+U",0
		}
		Shading: Y
		Culling: "CullingOff"
	}
	Pose: 2259873153856, "Pose::skinCluster3", "BindPose" {
		Type: "BindPose"
		Version: 100
		NbPoseNodes: 6
		PoseNode:  {
			Node: 2259961002384
			Matrix: *16 {
				a: 1,0,0,0,0,1,0,0,0,0,1,0,0,0,0,1
			} 
		}
		PoseNode:  {
			Node: 2259961009344
			Matrix: *16 {
				a: -0.914752128609637,0.404015523469257,-3.08148791101958e-33,0,0.404015523469257,0.914752128609637,1.22464679914735e-16,0,4.94776317622467e-17,1.12024826631502e-16,-1,0,0,-38.6803367305265,0,1
			} 
		}
		PoseNode:  {
			Node: 2259961011664
			Matrix: *16 {
				a: -0.00548862277943857,0.999984937396552,1.11751575189199e-16,0,0.999984937396552,0.00548862277943857,5.00917485156123e-17,0,4.94776317622467e-17,1.12024826631502e-16,-1,0,-20.7005729675293,-20,-41.413932800293,1
			} 
		}
		PoseNode:  {
			Node: 2259961013984
			Matrix: *16 {
				a: 1,-5.63785129692462e-17,4.94776317622467e-17,0,-5.46437894932694e-17,1,-1.04398532832333e-17,0,-4.94776317622467e-17,1.04398532832333e-17,1,0,-42.6604194641113,15.0000009536743,-42.6604194641113,1
			} 
		}
		PoseNode:  {
			Node: 2259960993104
			Matrix: *16 {
				a: 0.0241295823961766,0.999708839239399,1.13186083990149e-16,0,-0.999708839239399,0.0241295823961765,-1.69224793447463e-16,0,-1.71906654767631e-16,-1.09069805046878e-16,1,0,20.7005729675293,-20,-41.4139251708984,1
			} 
		}
		PoseNode:  {
			Node: 2259961004704
			Matrix: *16 {
				a: -0.914752128609638,0.404015523469257,-1.13186083990149e-16,0,0.404015523469257,0.914752128609638,4.67601135327279e-17,0,1.22429023005385e-16,-2.95502158462403e-18,-1,0,42.6604194641113,15.0000009536743,-42.6604156494141,1
			} 
		}
	}
	Pose: 2259873157200, "Pose::skinCluster4", "BindPose" {
		Type: "BindPose"
		Version: 100
		NbPoseNodes: 6
		PoseNode:  {
			Node: 2259961020944
			Matrix: *16 {
				a: 1,0,0,0,0,1,0,0,0,0,1,0,0,0,0,1
			} 
		}
		PoseNode:  {
			Node: 2259961009344
			Matrix: *16 {
				a: -0.914752128609637,0.404015523469257,-3.08148791101958e-33,0,0.404015523469257,0.914752128609637,1.22464679914735e-16,0,4.94776317622467e-17,1.12024826631502e-16,-1,0,0,-38.6803367305265,0,1
			} 
		}
		PoseNode:  {
			Node: 2259961011664
			Matrix: *16 {
				a: -0.00548862277943857,0.999984937396552,1.11751575189199e-16,0,0.999984937396552,0.00548862277943857,5.00917485156123e-17,0,4.94776317622467e-17,1.12024826631502e-16,-1,0,-20.7005729675293,-20,-41.413932800293,1
			} 
		}
		PoseNode:  {
			Node: 2259961013984
			Matrix: *16 {
				a: 1,-5.63785129692462e-17,4.94776317622467e-17,0,-5.46437894932694e-17,1,-1.04398532832333e-17,0,-4.94776317622467e-17,1.04398532832333e-17,1,0,-42.6604194641113,15.0000009536743,-42.6604194641113,1
			} 
		}
		PoseNode:  {
			Node: 2259960993104
			Matrix: *16 {
				a: 0.0241295823961766,0.999708839239399,1.13186083990149e-16,0,-0.999708839239399,0.0241295823961765,-1.69224793447463e-16,0,-1.71906654767631e-16,-1.09069805046878e-16,1,0,20.7005729675293,-20,-41.4139251708984,1
			} 
		}
		PoseNode:  {
			Node: 2259961004704
			Matrix: *16 {
				a: -0.914752128609638,0.404015523469257,-1.13186083990149e-16,0,0.404015523469257,0.914752128609638,4.67601135327279e-17,0,1.22429023005385e-16,-2.95502158462403e-18,-1,0,42.6604194641113,15.0000009536743,-42.6604156494141,1
			} 
		}
	}
	Pose: 2259873157376, "Pose::skinCluster5", "BindPose" {
		Type: "BindPose"
		Version: 100
		NbPoseNodes: 6
		PoseNode:  {
			Node: 2259961000064
			Matrix: *16 {
				a: 1,0,0,0,0,1,0,0,0,0,1,0,0,0,0,1
			} 
		}
		PoseNode:  {
			Node: 2259961009344
			Matrix: *16 {
				a: -0.914752128609637,0.404015523469257,-3.08148791101958e-33,0,0.404015523469257,0.914752128609637,1.22464679914735e-16,0,4.94776317622467e-17,1.12024826631502e-16,-1,0,0,-38.6803367305265,0,1
			} 
		}
		PoseNode:  {
			Node: 2259961011664
			Matrix: *16 {
				a: -0.00548862277943857,0.999984937396552,1.11751575189199e-16,0,0.999984937396552,0.00548862277943857,5.00917485156123e-17,0,4.94776317622467e-17,1.12024826631502e-16,-1,0,-20.7005729675293,-20,-41.413932800293,1
			} 
		}
		PoseNode:  {
			Node: 2259961013984
			Matrix: *16 {
				a: 1,-5.63785129692462e-17,4.94776317622467e-17,0,-5.46437894932694e-17,1,-1.04398532832333e-17,0,-4.94776317622467e-17,1.04398532832333e-17,1,0,-42.6604194641113,15.0000009536743,-42.6604194641113,1
			} 
		}
		PoseNode:  {
			Node: 2259960993104
			Matrix: *16 {
				a: 0.0241295823961766,0.999708839239399,1.13186083990149e-16,0,-0.999708839239399,0.0241295823961765,-1.69224793447463e-16,0,-1.71906654767631e-16,-1.09069805046878e-16,1,0,20.7005729675293,-20,-41.4139251708984,1
			} 
		}
		PoseNode:  {
			Node: 2259961004704
			Matrix: *16 {
				a: -0.914752128609638,0.404015523469257,-1.13186083990149e-16,0,0.404015523469257,0.914752128609638,4.67601135327279e-17,0,1.22429023005385e-16,-2.95502158462403e-18,-1,0,42.6604194641113,15.0000009536743,-42.6604156494141,1
			} 
		}
	}
	Material: 2259846624512, "Material::StasisCubeMat", "" {
		Version: 102
		ShadingModel: "lambert"
		MultiLayer: 0
		Properties70:  {
			P: "AmbientColor", "Color", "", "A",0,0,0
			P: "DiffuseColor", "Color", "", "A",0.5,0.5,0.5
			P: "DiffuseFactor", "Number", "", "A",0.800000011920929
			P: "TransparencyFactor", "Number", "", "A",1
			P: "Emissive", "Vector3D", "Vector", "",0,0,0
			P: "Ambient", "Vector3D", "Vector", "",0,0,0
			P: "Diffuse", "Vector3D", "Vector", "",0.400000005960464,0.400000005960464,0.400000005960464
			P: "Opacity", "double", "Number", "",1
		}
	}
	Material: 2259846640112, "Material::StasisGlassMat", "" {
		Version: 102
		ShadingModel: "lambert"
		MultiLayer: 0
		Properties70:  {
			P: "AmbientColor", "Color", "", "A",0,0,0
			P: "DiffuseColor", "Color", "", "A",0.5,0.5,0.5
			P: "DiffuseFactor", "Number", "", "A",0.800000011920929
			P: "TransparencyFactor", "Number", "", "A",1
			P: "Emissive", "Vector3D", "Vector", "",0,0,0
			P: "Ambient", "Vector3D", "Vector", "",0,0,0
			P: "Diffuse", "Vector3D", "Vector", "",0.400000005960464,0.400000005960464,0.400000005960464
			P: "Opacity", "double", "Number", "",1
		}
	}
	Deformer: 2259873163184, "Deformer::", "Skin" {
		Version: 101
		Link_DeformAcuracy: 50
		SkinningType: "Linear"
	}
	Deformer: 2259873160896, "Deformer::", "Skin" {
		Version: 101
		Link_DeformAcuracy: 50
		SkinningType: "Linear"
	}
	Deformer: 2259873154736, "Deformer::", "Skin" {
		Version: 101
		Link_DeformAcuracy: 50
		SkinningType: "Linear"
	}
	Deformer: 2259847862272, "SubDeformer::", "Cluster" {
		Version: 100
		UserData: "", ""
		Indexes: *16 {
			a: 0,1,2,3,4,5,6,7,8,9,10,11,12,13,14,15
		} 
		Weights: *16 {
			a: 1,1,1,1,1,1,1,1,1,1,1,1,1,1,1,1
		} 
		Transform: *16 {
			a: -0.914752128609637,0.404015523469257,4.94776317622467e-17,0,0.404015523469257,0.914752128609637,1.12024826631502e-16,0,6.16297582203915e-33,1.22464679914735e-16,-1,0,15.6274564921508,35.3829203595867,4.33315801628535e-15,1
		} 
		TransformLink: *16 {
			a: -0.914752128609637,0.404015523469257,6.16297582203915e-33,0,0.404015523469257,0.914752128609637,1.22464679914735e-16,0,4.94776317622467e-17,1.12024826631502e-16,-1,0,-1.94189965111116e-15,-38.6803367305265,-0,1
		} 
	}
	Deformer: 2260088339024, "SubDeformer::", "Cluster" {
		Version: 100
		UserData: "", ""
		Transform: *16 {
			a: -0.00548862277943864,0.999984937396551,1.21849473036604e-16,0,0.999984937396551,0.00548862277943864,1.12422054351394e-16,0,1.11751575189199e-16,1.22464679914735e-16,-1,0,19.886081111594,20.8100336185963,-41.413932800293,1
		} 
		TransformLink: *16 {
			a: -0.00548862277943864,0.999984937396552,1.11751575189199e-16,0,0.999984937396552,0.00548862277943864,1.22464679914735e-16,0,1.21849473036604e-16,1.12422054351394e-16,-1,0,-20.7005729675293,-20,-41.413932800293,1
		} 
	}
	Deformer: 2260088338288, "SubDeformer::", "Cluster" {
		Version: 100
		UserData: "", ""
		Transform: *16 {
			a: 1,5.63785129692462e-17,-4.94776317622467e-17,0,-5.63785129692462e-17,1,1.04398532832333e-17,0,4.94776317622467e-17,-1.04398532832333e-17,1,0,42.6604194641113,-15.0000009536743,42.6604194641113,1
		} 
		TransformLink: *16 {
			a: 1,-5.63785129692462e-17,4.94776317622467e-17,0,5.63785129692462e-17,1,-1.04398532832333e-17,0,-4.94776317622467e-17,1.04398532832333e-17,1,0,-42.6604194641113,15.0000009536743,-42.6604194641113,1
		} 
	}
	Deformer: 2260088332400, "SubDeformer::", "Cluster" {
		Version: 100
		UserData: "", ""
		Transform: *16 {
			a: 0.0241295823961765,-0.999708839239399,-1.71906654767631e-16,0,0.999708839239399,0.0241295823961765,-1.09069805046878e-16,0,1.13186083990149e-16,-1.69224793447463e-16,1,0,19.4946806037199,21.1771374208827,41.4139251708984,1
		} 
		TransformLink: *16 {
			a: 0.0241295823961765,0.999708839239399,1.13186083990149e-16,0,-0.999708839239399,0.0241295823961765,-1.69224793447463e-16,0,-1.71906654767631e-16,-1.09069805046878e-16,1,0,20.7005729675293,-20,-41.4139251708984,1
		} 
	}
	Deformer: 2260088336080, "SubDeformer::", "Cluster" {
		Version: 100
		UserData: "", ""
		Transform: *16 {
			a: -0.914752128609637,0.404015523469257,1.53014843021224e-16,0,0.404015523469257,0.914752128609637,6.62958916587869e-17,0,-1.13186083990149e-16,1.22464679914735e-16,-1,0,32.9634762748378,-30.9567545027312,-42.6604156494141,1
		} 
		TransformLink: *16 {
			a: -0.914752128609638,0.404015523469257,-1.13186083990149e-16,0,0.404015523469257,0.914752128609638,1.22464679914735e-16,0,1.53014843021224e-16,6.62958916587869e-17,-1,0,42.6604194641113,15.0000009536743,-42.6604156494141,1
		} 
	}
	Deformer: 2260088335344, "SubDeformer::", "Cluster" {
		Version: 100
		UserData: "", ""
		Transform: *16 {
			a: -0.914752128609637,0.404015523469257,4.94776317622467e-17,0,0.404015523469257,0.914752128609637,1.12024826631502e-16,0,6.16297582203915e-33,1.22464679914735e-16,-1,0,15.6274564921508,35.3829203595867,4.33315801628535e-15,1
		} 
		TransformLink: *16 {
			a: -0.914752128609637,0.404015523469257,6.16297582203915e-33,0,0.404015523469257,0.914752128609637,1.22464679914735e-16,0,4.94776317622467e-17,1.12024826631502e-16,-1,0,-1.94189965111116e-15,-38.6803367305265,-0,1
		} 
	}
	Deformer: 2260088336816, "SubDeformer::", "Cluster" {
		Version: 100
		UserData: "", ""
		Indexes: *4 {
			a: 7,8,9,10
		} 
		Weights: *4 {
			a: 1,1,1,1
		} 
		Transform: *16 {
			a: -0.00548862277943864,0.999984937396551,1.21849473036604e-16,0,0.999984937396551,0.00548862277943864,1.12422054351394e-16,0,1.11751575189199e-16,1.22464679914735e-16,-1,0,19.886081111594,20.8100336185963,-41.413932800293,1
		} 
		TransformLink: *16 {
			a: -0.00548862277943864,0.999984937396552,1.11751575189199e-16,0,0.999984937396552,0.00548862277943864,1.22464679914735e-16,0,1.21849473036604e-16,1.12422054351394e-16,-1,0,-20.7005729675293,-20,-41.413932800293,1
		} 
	}
	Deformer: 2260088333872, "SubDeformer::", "Cluster" {
		Version: 100
		UserData: "", ""
		Indexes: *7 {
			a: 0,1,2,3,4,5,6
		} 
		Weights: *7 {
			a: 1,1,1,1,1,1,1
		} 
		Transform: *16 {
			a: 1,5.63785129692462e-17,-4.94776317622467e-17,0,-5.63785129692462e-17,1,1.04398532832333e-17,0,4.94776317622467e-17,-1.04398532832333e-17,1,0,42.6604194641113,-15.0000009536743,42.6604194641113,1
		} 
		TransformLink: *16 {
			a: 1,-5.63785129692462e-17,4.94776317622467e-17,0,5.63785129692462e-17,1,-1.04398532832333e-17,0,-4.94776317622467e-17,1.04398532832333e-17,1,0,-42.6604194641113,15.0000009536743,-42.6604194641113,1
		} 
	}
	Deformer: 2260088337552, "SubDeformer::", "Cluster" {
		Version: 100
		UserData: "", ""
		Transform: *16 {
			a: 0.0241295823961765,-0.999708839239399,-1.71906654767631e-16,0,0.999708839239399,0.0241295823961765,-1.09069805046878e-16,0,1.13186083990149e-16,-1.69224793447463e-16,1,0,19.4946806037199,21.1771374208827,41.4139251708984,1
		} 
		TransformLink: *16 {
			a: 0.0241295823961765,0.999708839239399,1.13186083990149e-16,0,-0.999708839239399,0.0241295823961765,-1.69224793447463e-16,0,-1.71906654767631e-16,-1.09069805046878e-16,1,0,20.7005729675293,-20,-41.4139251708984,1
		} 
	}
	Deformer: 2260088333136, "SubDeformer::", "Cluster" {
		Version: 100
		UserData: "", ""
		Transform: *16 {
			a: -0.914752128609637,0.404015523469257,1.53014843021224e-16,0,0.404015523469257,0.914752128609637,6.62958916587869e-17,0,-1.13186083990149e-16,1.22464679914735e-16,-1,0,32.9634762748378,-30.9567545027312,-42.6604156494141,1
		} 
		TransformLink: *16 {
			a: -0.914752128609638,0.404015523469257,-1.13186083990149e-16,0,0.404015523469257,0.914752128609638,1.22464679914735e-16,0,1.53014843021224e-16,6.62958916587869e-17,-1,0,42.6604194641113,15.0000009536743,-42.6604156494141,1
		} 
	}
	Deformer: 2260088339760, "SubDeformer::", "Cluster" {
		Version: 100
		UserData: "", ""
		Transform: *16 {
			a: -0.914752128609637,0.404015523469257,4.94776317622467e-17,0,0.404015523469257,0.914752128609637,1.12024826631502e-16,0,6.16297582203915e-33,1.22464679914735e-16,-1,0,15.6274564921508,35.3829203595867,4.33315801628535e-15,1
		} 
		TransformLink: *16 {
			a: -0.914752128609637,0.404015523469257,6.16297582203915e-33,0,0.404015523469257,0.914752128609637,1.22464679914735e-16,0,4.94776317622467e-17,1.12024826631502e-16,-1,0,-1.94189965111116e-15,-38.6803367305265,-0,1
		} 
	}
	Deformer: 2260088334608, "SubDeformer::", "Cluster" {
		Version: 100
		UserData: "", ""
		Transform: *16 {
			a: -0.00548862277943864,0.999984937396551,1.21849473036604e-16,0,0.999984937396551,0.00548862277943864,1.12422054351394e-16,0,1.11751575189199e-16,1.22464679914735e-16,-1,0,19.886081111594,20.8100336185963,-41.413932800293,1
		} 
		TransformLink: *16 {
			a: -0.00548862277943864,0.999984937396552,1.11751575189199e-16,0,0.999984937396552,0.00548862277943864,1.22464679914735e-16,0,1.21849473036604e-16,1.12422054351394e-16,-1,0,-20.7005729675293,-20,-41.413932800293,1
		} 
	}
	Deformer: 2260050064944, "SubDeformer::", "Cluster" {
		Version: 100
		UserData: "", ""
		Transform: *16 {
			a: 1,5.63785129692462e-17,-4.94776317622467e-17,0,-5.63785129692462e-17,1,1.04398532832333e-17,0,4.94776317622467e-17,-1.04398532832333e-17,1,0,42.6604194641113,-15.0000009536743,42.6604194641113,1
		} 
		TransformLink: *16 {
			a: 1,-5.63785129692462e-17,4.94776317622467e-17,0,5.63785129692462e-17,1,-1.04398532832333e-17,0,-4.94776317622467e-17,1.04398532832333e-17,1,0,-42.6604194641113,15.0000009536743,-42.6604194641113,1
		} 
	}
	Deformer: 2260050067888, "SubDeformer::", "Cluster" {
		Version: 100
		UserData: "", ""
		Indexes: *4 {
			a: 7,8,9,10
		} 
		Weights: *4 {
			a: 1,1,1,1
		} 
		Transform: *16 {
			a: 0.0241295823961765,-0.999708839239399,-1.71906654767631e-16,0,0.999708839239399,0.0241295823961765,-1.09069805046878e-16,0,1.13186083990149e-16,-1.69224793447463e-16,1,0,19.4946806037199,21.1771374208827,41.4139251708984,1
		} 
		TransformLink: *16 {
			a: 0.0241295823961765,0.999708839239399,1.13186083990149e-16,0,-0.999708839239399,0.0241295823961765,-1.69224793447463e-16,0,-1.71906654767631e-16,-1.09069805046878e-16,1,0,20.7005729675293,-20,-41.4139251708984,1
		} 
	}
	Deformer: 2260050068624, "SubDeformer::", "Cluster" {
		Version: 100
		UserData: "", ""
		Indexes: *7 {
			a: 0,1,2,3,4,5,6
		} 
		Weights: *7 {
			a: 1,1,1,1,1,1,1
		} 
		Transform: *16 {
